1.869985571732304841e+00
1.870763922334897300e+00
1.874487626170471044e+00
1.883827976122589121e+00
1.897951905741965151e+00
1.900734353556254419e+00
1.903321400594647050e+00
1.903563561599270981e+00
1.905116944216319608e+00
1.908224898453164009e+00
1.908678960490806764e+00
1.911227982747155218e+00
1.913224306973637878e+00
1.918541286072681151e+00
1.921237712363179639e+00
1.921838820329032416e+00
1.924308777516708702e+00
1.925198834038338802e+00
1.927365784499046386e+00
1.927533577944007037e+00
1.948235904129114404e+00
1.950017139160565405e+00
1.962398128025935051e+00
1.963430991616107235e+00
1.966247602191326216e+00
1.967698288690263864e+00
1.969584341520559834e+00
1.969584341520559834e+00
1.969584341520559834e+00
1.975217168765260212e+00
1.977757434508584877e+00
1.979820906822775228e+00
1.979822018598740740e+00
1.985354069094390939e+00
1.988183540486675227e+00
1.989156592544150781e+00
1.990670884393117790e+00
1.991263791350124102e+00
1.995972728130109841e+00
1.996582930101248321e+00
1.997910622393880731e+00
1.997910622393880731e+00
1.999366733774694538e+00
2.000631763497709326e+00
2.002330953391857182e+00
2.005217724490484965e+00
2.006216707229055540e+00
2.009354763107913389e+00
2.015515322802601261e+00
2.018218837151590783e+00
2.019967781356243997e+00
2.029082894638023937e+00
2.032128430667774932e+00
2.038916840895274696e+00
2.044847175804413109e+00
2.046026923702417566e+00
2.052163968703267116e+00
2.052163968703267116e+00
2.053100668569026510e+00
2.056019500406378153e+00
2.056555364634274685e+00
2.067199471713109471e+00
2.072330834603092864e+00
2.073311990968414786e+00
2.083627628091457851e+00
2.083663252151021439e+00
2.085359874197436181e+00
2.087242602784899592e+00
2.087242602784899592e+00
2.092570307908633520e+00
2.092595291230606946e+00
2.103945495660813680e+00
2.105272784490727300e+00
2.107501430029762535e+00
2.107501430029762535e+00
2.107501430029762535e+00
2.107684069306022145e+00
2.110778730873335007e+00
2.110778730873335007e+00
2.111321822762351363e+00
2.112715490762338444e+00
2.112715490762338444e+00
2.119028622075469048e+00
2.123223820492631919e+00
2.126138554116504320e+00
2.126392768006903466e+00
2.126933281087984628e+00
2.126933281087984628e+00
2.127062297147150005e+00
2.132829666178083894e+00
2.138327554988780577e+00
2.138573078750203305e+00
2.138814605847727979e+00
2.138975100716603350e+00
2.146185419824238938e+00
2.146185804841595157e+00
2.146185804841595157e+00
2.149365173152376851e+00
2.149720486396936803e+00
2.149720486396936803e+00
2.150538046517567192e+00
2.150538046517567192e+00
2.151922218929612995e+00
2.153159329302533731e+00
2.160888679207421337e+00
2.160888679207421337e+00
2.161786854681063019e+00
2.162810313389470718e+00
2.169408496505004003e+00
2.169673432418680381e+00
2.176169881432252318e+00
2.176395059354486516e+00
2.179572698212346449e+00
2.179881790111635631e+00
2.179881790111635631e+00
2.180189754712535066e+00
2.187481074196284236e+00
2.187933540369655816e+00
2.187933540369655816e+00
2.188029850918214336e+00
2.189382432068549988e+00
2.191165463433967897e+00
2.192942822419951199e+00
2.193144333030314641e+00
2.193144333030314641e+00
2.193173951146197620e+00
2.193173951146197620e+00
2.193375522784355436e+00
2.194420388778329123e+00
2.197330041393378508e+00
2.197571362480693846e+00
2.197674119803488146e+00
2.197721676645148836e+00
2.199100225683129128e+00
2.199100225683129128e+00
2.199479128124932625e+00
2.202698855322502869e+00
2.203045378563712742e+00
2.203531497188108812e+00
2.204112214008401516e+00
2.205130548189238482e+00
2.209023309809235780e+00
2.210391962922630071e+00
2.210820771792624928e+00
2.215213137734700855e+00
2.215218942154476789e+00
2.216629252536832517e+00
2.218045361060890563e+00
2.218294620310329091e+00
2.218767914174476275e+00
2.220058425014166392e+00
2.220081910325137020e+00
2.221062551811880947e+00
2.223561340570901823e+00
2.224511673613434937e+00
2.229194202473533171e+00
2.229194202473533171e+00
2.231375224489684950e+00
2.232532749339741329e+00
2.235207572481824556e+00
2.235455408534047450e+00
2.236142299048673010e+00
2.237761738455618765e+00
2.237761738455618765e+00
2.238170010171286251e+00
2.238170010171286251e+00
2.238170010171286251e+00
2.239347207906911219e+00
2.239522548305711958e+00
2.239522548305711958e+00
2.239896749231611306e+00
2.239896749231611306e+00
2.239982444718111587e+00
2.240231938798271205e+00
2.240601039289805030e+00
2.240905405842548603e+00
2.240905405842548603e+00
2.241866673291798673e+00
2.241866673291798673e+00
2.245348016523323498e+00
2.247359309677942729e+00
2.247855923237179976e+00
2.247855923237179976e+00
2.247855923237179976e+00
2.247855923237179976e+00
2.247855923237179976e+00
2.247855923237179976e+00
2.247855923237179976e+00
2.247855923237179976e+00
2.247862130737072750e+00
2.249023568845870624e+00
2.249228132644470524e+00
2.251863214893946363e+00
2.252590321121987760e+00
2.253650511658242817e+00
2.254579698432108703e+00
2.255405737761700280e+00
2.255758802011696762e+00
2.256020410128870335e+00
2.256020410128870335e+00
2.256594746552668340e+00
2.257290499139985140e+00
2.260498341324956417e+00
2.261773374300089401e+00
2.262905730344815236e+00
2.267458048965128814e+00
2.267484344310263467e+00
2.269185002333613976e+00
2.269389190648631871e+00
2.269389190648631871e+00
2.270095420449348200e+00
2.270809196166341248e+00
2.270890920041351180e+00
2.271171050424966698e+00
2.272134023947179671e+00
2.272456399022705131e+00
2.273224251352225167e+00
2.276028774341687377e+00
2.276740862636740026e+00
2.277138425070193595e+00
2.277138425070193595e+00
2.280820334158202289e+00
2.280820334158202289e+00
2.282038548230992614e+00
2.282611952206318406e+00
2.287042807942656797e+00
2.287042807942656797e+00
2.287948536079094097e+00
2.289496960858113717e+00
2.290562965053749345e+00
2.294521321635706546e+00
2.294521321635706546e+00
2.294521321635706546e+00
2.294521321635706546e+00
2.301653527480904238e+00
2.302123558696784311e+00
2.302123558696784311e+00
2.302591443966053308e+00
2.304143660393255022e+00
2.304143660393255022e+00
2.304143660393255022e+00
2.304143660393255022e+00
2.304143660393255022e+00
2.304143660393255022e+00
2.305074990249575517e+00
2.305074990249575517e+00
2.308063822125956843e+00
2.309304095395309009e+00
2.309304095395309009e+00
2.309664529377178255e+00
2.310826095326480090e+00
2.315249037224804685e+00
2.315249037224804685e+00
2.315249037224804685e+00
2.316158019573889337e+00
2.316158019573889337e+00
2.316518453555759027e+00
2.317627053020121064e+00
2.317627053020121064e+00
2.317627053020121064e+00
2.317627053020121064e+00
2.317777804663689878e+00
2.318625221007872828e+00
2.319607518332118090e+00
2.319607518332118090e+00
2.319733144701759286e+00
2.319811443358605896e+00
2.319811443358605896e+00
2.319811443358605896e+00
2.321929040222433738e+00
2.321929040222433738e+00
2.324218388203552976e+00
2.324451694318600214e+00
2.324634543717528867e+00
2.324634543717528867e+00
2.324634543717528867e+00
2.324785295361097681e+00
2.324924516507492100e+00
2.324949460672916413e+00
2.324949793521509989e+00
2.325224559709631489e+00
2.325224559709631489e+00
2.326617849468831434e+00
2.326617849468831434e+00
2.326663600814538047e+00
2.328608782667381139e+00
2.329429622920011766e+00
2.330831418054767568e+00
2.330831418054767568e+00
2.330831418054767568e+00
2.330831418054767568e+00
2.330831418054767568e+00
2.336603348047996409e+00
2.339153373822179471e+00
2.339716934228937451e+00
2.339716934228937451e+00
2.341383476348077419e+00
2.341383476348077419e+00
2.341383476348077419e+00
2.342577876079964039e+00
2.343441120580819881e+00
2.344573429998728198e+00
2.344930965709896231e+00
2.345228912135870036e+00
2.345228912135870036e+00
2.346470897261685895e+00
2.346470897261685895e+00
2.346828432972854372e+00
2.349118920649462705e+00
2.349118920649462705e+00
2.349447375005565775e+00
2.349447375005565775e+00
2.349944048509370109e+00
2.352140816450794869e+00
2.353873999286244967e+00
2.354368456999887727e+00
2.354850948343406802e+00
2.357781939372442626e+00
2.357781939372442626e+00
2.364562790331078190e+00
2.364866649942365839e+00
2.364866649942365839e+00
2.366080944144509868e+00
2.366080944144509868e+00
2.367819496099067056e+00
2.368367402435190616e+00
2.368483035239039136e+00
2.370404576985311262e+00
2.370404576985311262e+00
2.370404576985311262e+00
2.370883341288072543e+00
2.371975618483340043e+00
2.372263921793245078e+00
2.372281931083580986e+00
2.375438104290838570e+00
2.375845721377380482e+00
2.376475079449885897e+00
2.378512267436200478e+00
2.378632275778761240e+00
2.379684373908721895e+00
2.379684373908721895e+00
2.379684373908721895e+00
2.381288950062462551e+00
2.382656984242144116e+00
2.384602146448701276e+00
2.384602146448701276e+00
2.384803731524476333e+00
2.384824940114646186e+00
2.387369619332742499e+00
2.389411913976459356e+00
2.392054557114480229e+00
2.392054557114480229e+00
2.392511046663527097e+00
2.393783543192721464e+00
2.394759539052630171e+00
2.395754104590280154e+00
2.396208285007261463e+00
2.396638741724067767e+00
2.396650550889649178e+00
2.396650550889649178e+00
2.396665683950963466e+00
2.396676532949516769e+00
2.396994381792007633e+00
2.397012055617149695e+00
2.398432417405394812e+00
2.398432417405394812e+00
2.399695227872706393e+00
2.401096639700791346e+00
2.401104518590071901e+00
2.404242264293206421e+00
2.407364041066733851e+00
2.408429444104787986e+00
2.408678168829015309e+00
2.409452094322185989e+00
2.415234646891951442e+00
2.416258838670331865e+00
2.416258838670331865e+00
2.418555587219211933e+00
2.419711694482348019e+00
2.421273943510310556e+00
2.421273943510310556e+00
2.421273943510310556e+00
2.421273943510310556e+00
2.421273943510310556e+00
2.421679055048489015e+00
2.422112906436445723e+00
2.422488331018223473e+00
2.422557746148481073e+00
2.422697973316567666e+00
2.423538996855902905e+00
2.424774041896922583e+00
2.425172618887445619e+00
2.425172618887445619e+00
2.425172618887445619e+00
2.425574541717951949e+00
2.425574541717951949e+00
2.425574541717951949e+00
2.426180457158247705e+00
2.426477596844039741e+00
2.426959904240648225e+00
2.427888836418752749e+00
2.427888836418752749e+00
2.427975393918214930e+00
2.428083048935298027e+00
2.430647839228738949e+00
2.430647839228738949e+00
2.430724646717417059e+00
2.430724646717417059e+00
2.430724646717417059e+00
2.431094851302976423e+00
2.431094851302976423e+00
2.431094851302976423e+00
2.431278116482832541e+00
2.432412332049397108e+00
2.433618141270935009e+00
2.433912906659123632e+00
2.433912906659123632e+00
2.433912906659123632e+00
2.433912906659123632e+00
2.434464927552511426e+00
2.434868381010283134e+00
2.434868381010283134e+00
2.435976992067820479e+00
2.436604156306485969e+00
2.436604156306485969e+00
2.436604156306485969e+00
2.436604156306485969e+00
2.437354183552708164e+00
2.437354183552708164e+00
2.437820861877537215e+00
2.438368497347832786e+00
2.438749867975858354e+00
2.438749867975858354e+00
2.438749867975858354e+00
2.438749867975858354e+00
2.438749867975858354e+00
2.438882099068324205e+00
2.439135300138003615e+00
2.439135300138003615e+00
2.439135300138003615e+00
2.439169246186660533e+00
2.439169246186660533e+00
2.440092755923732870e+00
2.440092755923732870e+00
2.440092755923732870e+00
2.440297509429024014e+00
2.440441393652148516e+00
2.440441393652148516e+00
2.440441393652148516e+00
2.440564722986255042e+00
2.441433918196848296e+00
2.441513125643714144e+00
2.441841226310388357e+00
2.441940190200828642e+00
2.442463843171833293e+00
2.443346191304415438e+00
2.443346191304415438e+00
2.443346191304415438e+00
2.443346191304415438e+00
2.443711446189778869e+00
2.443902531174165560e+00
2.444795348085562647e+00
2.444917098510666520e+00
2.444917098510666520e+00
2.444917098510666520e+00
2.444917098510666520e+00
2.445561789433690958e+00
2.445561789433690958e+00
2.445561789433690958e+00
2.445561789433690958e+00
2.445561789433690958e+00
2.445701662414395017e+00
2.446724541217542459e+00
2.447917899821214327e+00
2.447917899821214327e+00
2.447917899821214327e+00
2.447917899821214327e+00
2.448057422355892410e+00
2.449668517590141370e+00
2.449946868275581391e+00
2.450736845408174158e+00
2.450736845408174158e+00
2.450736845408174158e+00
2.450832084606115568e+00
2.450832084606115568e+00
2.451493638595734215e+00
2.451493638595734215e+00
2.452151095445218143e+00
2.452655615314498050e+00
2.453884205392208528e+00
2.453884205392208528e+00
2.453884205392208528e+00
2.454586436752137946e+00
2.454586436752137946e+00
2.454798177118570734e+00
2.454798177118570734e+00
2.454798177118570734e+00
2.454798177118570734e+00
2.454798177118570734e+00
2.454798177118570734e+00
