4.227029017063494543e+00
4.227029017063494543e+00
4.238437787128835232e+00
4.272429557775780040e+00
4.365526425066196481e+00
4.370134702975932761e+00
4.370134702975932761e+00
4.370134702975932761e+00
4.370134702975932761e+00
4.370134702975932761e+00
4.370134702975932761e+00
4.370134702975932761e+00
4.370134702975932761e+00
4.370134702975932761e+00
4.370134702975932761e+00
4.370134702975932761e+00
4.370134702975932761e+00
4.374434142226810707e+00
4.374434142226810707e+00
4.374434142226810707e+00
4.573007874690740771e+00
4.573007874690740771e+00
4.679780025402145327e+00
4.679780025402145327e+00
4.724873820495940180e+00
4.724873820495940180e+00
4.724873820495940180e+00
4.724873820495940180e+00
4.724873820495940180e+00
4.776077097505669222e+00
4.776077097505669222e+00
4.776077097505669222e+00
4.776077097505669222e+00
4.776077097505669222e+00
4.776077097505669222e+00
4.776077097505669222e+00
4.776077097505669222e+00
4.776077097505669222e+00
4.776077097505669222e+00
4.776077097505669222e+00
4.776077097505669222e+00
4.776077097505669222e+00
4.776077097505669222e+00
4.776077097505669222e+00
4.776077097505669222e+00
4.776077097505669222e+00
4.776077097505669222e+00
4.776077097505669222e+00
4.839065255731923365e+00
4.839065255731923365e+00
4.839065255731923365e+00
4.906898656898657229e+00
4.906898656898657229e+00
4.906898656898657229e+00
4.906898656898657229e+00
4.906898656898657229e+00
5.006105006105006083e+00
5.006105006105006083e+00
5.006105006105006083e+00
5.006105006105006083e+00
5.006105006105006083e+00
5.006105006105006083e+00
5.060839543598164347e+00
5.060839543598164347e+00
5.119923430006759091e+00
5.119923430006759091e+00
5.119923430006759091e+00
5.119923430006759091e+00
5.119923430006759091e+00
5.119923430006759091e+00
5.119923430006759091e+00
5.222708481241366663e+00
5.222708481241366663e+00
5.222708481241366663e+00
5.222708481241366663e+00
5.222708481241366663e+00
5.222708481241366663e+00
5.222708481241366663e+00
5.222708481241366663e+00
5.222708481241366663e+00
5.222708481241366663e+00
5.222708481241366663e+00
5.222708481241366663e+00
5.222708481241366663e+00
5.222708481241366663e+00
5.222708481241366663e+00
5.222708481241366663e+00
5.222708481241366663e+00
5.222708481241366663e+00
5.277443018734524927e+00
5.336087166048623764e+00
5.336087166048623764e+00
5.336087166048623764e+00
5.336087166048623764e+00
5.399075324274875243e+00
5.399075324274875243e+00
5.399075324274875243e+00
5.399075324274875243e+00
5.399075324274875243e+00
5.399075324274875243e+00
5.399075324274875243e+00
5.399075324274875243e+00
5.399075324274875243e+00
5.399075324274875243e+00
5.466908725441609995e+00
5.466908725441609995e+00
5.466908725441609995e+00
5.466908725441609995e+00
5.466908725441609995e+00
5.466908725441609995e+00
5.466908725441609995e+00
5.466908725441609995e+00
5.466908725441609995e+00
5.466908725441609995e+00
5.466908725441609995e+00
5.466908725441609995e+00
5.466908725441609995e+00
5.466908725441609995e+00
5.466908725441609995e+00
5.466908725441609995e+00
5.466908725441609995e+00
5.466908725441609995e+00
5.466908725441609995e+00
5.466908725441609995e+00
5.466908725441609995e+00
5.466908725441609995e+00
5.466908725441609995e+00
5.466908725441609995e+00
5.466908725441609995e+00
5.466908725441609995e+00
5.466908725441609995e+00
5.466908725441609995e+00
5.466908725441609995e+00
5.466908725441609995e+00
5.466908725441609995e+00
5.466908725441609995e+00
5.468721294017083956e+00
5.468721294017083956e+00
5.468721294017083956e+00
5.468721294017083956e+00
5.468721294017083956e+00
5.497489538558636646e+00
5.497489538558636646e+00
5.497489538558636646e+00
5.559629018412041823e+00
5.559629018412041823e+00
5.559629018412041823e+00
5.559629018412041823e+00
5.559629018412041823e+00
5.559629018412041823e+00
5.559629018412041823e+00
5.559629018412041823e+00
5.559629018412041823e+00
5.559629018412041823e+00
5.559629018412041823e+00
5.559629018412041823e+00
5.559629018412041823e+00
5.559629018412041823e+00
5.559629018412041823e+00
5.559629018412041823e+00
5.559629018412041823e+00
5.559629018412041823e+00
5.559629018412041823e+00
5.559629018412041823e+00
5.559629018412041823e+00
5.559629018412041823e+00
5.559629018412041823e+00
5.559629018412041823e+00
5.559629018412041823e+00
5.559629018412041823e+00
5.559629018412041823e+00
5.559629018412041823e+00
5.561342928142038566e+00
5.561342928142038566e+00
5.561342928142038566e+00
5.561342928142038566e+00
5.561342928142038566e+00
5.561342928142038566e+00
5.561342928142038566e+00
5.561342928142038566e+00
5.567469273549114028e+00
5.567469273549114028e+00
5.567469273549114028e+00
5.567469273549114028e+00
5.567469273549114028e+00
5.567469273549114028e+00
5.567469273549114028e+00
5.567469273549114028e+00
5.567469273549114028e+00
5.567469273549114028e+00
5.567469273549114028e+00
5.567469273549114028e+00
5.567469273549114028e+00
5.567469273549114028e+00
5.567469273549114028e+00
5.567469273549114028e+00
5.567469273549114028e+00
5.567469273549114028e+00
5.567469273549114028e+00
5.567469273549114028e+00
5.567469273549114028e+00
5.567469273549114028e+00
5.567469273549114028e+00
5.567469273549114028e+00
5.567469273549114028e+00
5.583032554167945527e+00
5.583032554167945527e+00
5.583032554167945527e+00
5.583032554167945527e+00
5.583032554167945527e+00
5.597157150182272112e+00
5.597157150182272112e+00
5.597157150182272112e+00
5.597157150182272112e+00
5.597157150182272112e+00
5.597157150182272112e+00
5.597157150182272112e+00
5.653003293000669949e+00
5.653003293000669949e+00
5.653003293000669949e+00
5.653003293000669949e+00
5.653003293000669949e+00
5.653003293000669949e+00
5.653003293000669949e+00
5.653003293000669949e+00
5.653003293000669949e+00
5.653003293000669949e+00
5.653003293000669949e+00
5.653003293000669949e+00
5.653003293000669949e+00
5.653003293000669949e+00
5.653003293000669949e+00
5.653003293000669949e+00
5.653003293000669949e+00
5.653003293000669949e+00
5.653003293000669949e+00
5.653003293000669949e+00
5.653003293000669949e+00
5.653003293000669949e+00
5.653003293000669949e+00
5.653003293000669949e+00
5.653003293000669949e+00
5.653003293000669949e+00
5.653003293000669949e+00
5.653003293000669949e+00
5.653003293000669949e+00
5.653003293000669949e+00
5.653003293000669949e+00
5.653003293000669949e+00
5.653003293000669949e+00
5.653003293000669949e+00
5.653003293000669949e+00
5.653003293000669949e+00
5.653003293000669949e+00
5.653003293000669949e+00
5.653003293000669949e+00
5.653003293000669949e+00
5.653003293000669949e+00
5.653003293000669949e+00
5.653003293000669949e+00
5.653003293000669949e+00
5.653003293000669949e+00
5.653003293000669949e+00
5.653003293000669949e+00
5.653003293000669949e+00
5.653003293000669949e+00
5.653003293000669949e+00
5.653003293000669949e+00
5.653003293000669949e+00
5.653003293000669949e+00
5.653003293000669949e+00
5.653003293000669949e+00
5.653003293000669949e+00
5.653003293000669949e+00
5.653003293000669949e+00
5.653003293000669949e+00
5.653003293000669949e+00
5.653003293000669949e+00
5.653003293000669949e+00
5.653003293000669949e+00
5.653003293000669949e+00
5.653003293000669949e+00
5.653003293000669949e+00
5.653003293000669949e+00
5.653003293000669949e+00
5.653003293000669949e+00
5.653003293000669949e+00
5.653003293000669949e+00
5.653003293000669949e+00
5.653003293000669949e+00
5.653003293000669949e+00
5.653003293000669949e+00
5.653003293000669949e+00
5.653003293000669949e+00
5.653003293000669949e+00
5.653003293000669949e+00
5.653003293000669949e+00
5.653003293000669949e+00
5.653003293000669949e+00
5.653003293000669949e+00
5.653003293000669949e+00
5.653003293000669949e+00
5.653003293000669949e+00
5.653003293000669949e+00
5.653003293000669949e+00
5.653003293000669949e+00
5.653003293000669949e+00
5.653003293000669949e+00
5.653003293000669949e+00
5.653003293000669949e+00
5.653003293000669949e+00
5.653003293000669949e+00
5.653003293000669949e+00
5.653003293000669949e+00
5.653003293000669949e+00
5.653003293000669949e+00
5.653003293000669949e+00
5.653003293000669949e+00
5.653003293000669949e+00
5.653003293000669949e+00
5.653003293000669949e+00
5.653003293000669949e+00
5.653003293000669949e+00
5.653003293000669949e+00
5.653003293000669949e+00
5.653003293000669949e+00
5.653003293000669949e+00
5.653003293000669949e+00
5.653003293000669949e+00
5.653003293000669949e+00
5.653003293000669949e+00
5.653003293000669949e+00
5.653003293000669949e+00
5.653003293000669949e+00
5.653003293000669949e+00
5.653003293000669949e+00
5.653003293000669949e+00
5.689556207736640836e+00
5.689556207736640836e+00
5.689556207736640836e+00
5.689556207736640836e+00
5.689556207736640836e+00
5.689556207736640836e+00
5.689556207736640836e+00
5.689556207736640836e+00
5.689556207736640836e+00
5.689556207736640836e+00
5.689556207736640836e+00
5.700456538334276679e+00
5.700456538334276679e+00
5.700456538334276679e+00
5.700456538334276679e+00
5.700456538334276679e+00
5.700456538334276679e+00
5.719976455532457926e+00
5.719976455532457926e+00
5.719976455532457926e+00
5.719976455532457926e+00
5.719976455532457926e+00
5.719976455532457926e+00
5.719976455532457926e+00
5.719976455532457926e+00
5.719976455532457926e+00
5.719976455532457926e+00
5.719976455532457926e+00
5.719976455532457926e+00
5.719976455532457926e+00
5.719976455532457926e+00
5.719976455532457926e+00
5.719976455532457926e+00
5.719976455532457926e+00
5.719976455532457926e+00
5.719976455532457926e+00
5.719976455532457926e+00
5.719976455532457926e+00
5.719976455532457926e+00
5.719976455532457926e+00
5.719976455532457926e+00
5.719976455532457926e+00
5.719976455532457926e+00
5.719976455532457926e+00
5.719976455532457926e+00
5.719976455532457926e+00
5.719976455532457926e+00
5.719976455532457926e+00
5.719976455532457926e+00
5.719976455532457926e+00
5.719976455532457926e+00
5.719976455532457926e+00
5.719976455532457926e+00
5.719976455532457926e+00
5.719976455532457926e+00
5.719976455532457926e+00
5.719976455532457926e+00
5.719976455532457926e+00
5.719976455532457926e+00
5.719976455532457926e+00
5.719976455532457926e+00
5.719976455532457926e+00
5.719976455532457926e+00
5.719976455532457926e+00
5.719976455532457926e+00
5.719976455532457926e+00
5.719976455532457926e+00
5.719976455532457926e+00
5.719976455532457926e+00
5.719976455532457926e+00
5.719976455532457926e+00
5.719976455532457926e+00
5.719976455532457926e+00
5.719976455532457926e+00
5.719976455532457926e+00
5.719976455532457926e+00
5.719976455532457926e+00
5.719976455532457926e+00
5.719976455532457926e+00
5.719976455532457926e+00
5.719976455532457926e+00
5.719976455532457926e+00
5.719976455532457926e+00
5.719976455532457926e+00
5.719976455532457926e+00
5.719976455532457926e+00
5.719976455532457926e+00
5.719976455532457926e+00
5.719976455532457926e+00
5.719976455532457926e+00
5.719976455532457926e+00
5.719976455532457926e+00
5.719976455532457926e+00
5.719976455532457926e+00
5.719976455532457926e+00
5.719976455532457926e+00
5.719976455532457926e+00
5.719976455532457926e+00
5.719976455532457926e+00
5.719976455532457926e+00
5.719976455532457926e+00
5.719976455532457926e+00
5.719976455532457926e+00
5.719976455532457926e+00
5.719976455532457926e+00
5.719976455532457926e+00
5.719976455532457926e+00
5.719976455532457926e+00
5.719976455532457926e+00
5.719976455532457926e+00
5.719976455532457926e+00
5.719976455532457926e+00
5.719976455532457926e+00
5.719976455532457926e+00
5.719976455532457926e+00
5.719976455532457926e+00
5.719976455532457926e+00
5.719976455532457926e+00
5.719976455532457926e+00
5.719976455532457926e+00
5.719976455532457926e+00
5.719976455532457926e+00
5.719976455532457926e+00
5.719976455532457926e+00
5.719976455532457926e+00
5.719976455532457926e+00
5.719976455532457926e+00
5.719976455532457926e+00
5.719976455532457926e+00
5.719976455532457926e+00
5.719976455532457926e+00
5.719976455532457926e+00
5.719976455532457926e+00
5.719976455532457926e+00
5.719976455532457926e+00
5.719976455532457926e+00
5.719976455532457926e+00
5.719976455532457926e+00
5.719976455532457926e+00
5.719976455532457926e+00
5.719976455532457926e+00
5.719976455532457926e+00
5.719976455532457926e+00
5.719976455532457926e+00
5.719976455532457926e+00
5.719976455532457926e+00
5.719976455532457926e+00
5.719976455532457926e+00
5.719976455532457926e+00
5.719976455532457926e+00
5.719976455532457926e+00
5.719976455532457926e+00
5.719976455532457926e+00
5.719976455532457926e+00
5.719976455532457926e+00
5.719976455532457926e+00
5.719976455532457926e+00
5.719976455532457926e+00
5.719976455532457926e+00
5.719976455532457926e+00
5.719976455532457926e+00
5.719976455532457926e+00
5.719976455532457926e+00
