Solution: [[0, 0], [0, 0], [1, 30.897045233586404], [0, 0], [0, 0], [0, 0], [0, 0], [0, 0], [1, 38.02274151932813], [0, 0], [0, 0], [0, 0], [0, 0], [0, 0], [0, 0], [0, 0], [1, 38.02274151932813], [0, 0], [0, 0], [0, 0], [0, 0], [1, 31.38644514336919], [0, 0], [0, 0], [0, 0], [1, 31.38644514336919], [0, 0], [1, 18.380056292049517], [0, 0], [0, 0], [1, 18.380056292049517], [1, 7.092988266645647], [0, 0], [1, 7.092988266645647], [1, 30.379146184791765], [0, 0], [0, 0], [0, 0], [0, 0], [1, 30.379146184791765], [0, 0], [0, 0], [1, 6.477793084332195], [1, 6.477793084332195], [1, 8.00333895643693], [0, 0], [0, 0], [1, 28.437107536592055], [0, 0], [0, 0], [0, 0], [1, 28.437107536592055], [1, -4.126221379929422], [1, 22.092076231927102], [0, 0], [0, 0], [0, 0], [1, 22.092076231927102], [0, 0], [0, 0], [1, 0.3762582856234178], [1, 2.452866540603949], [1, 29.75297379231943], [0, 0], [0, 0], [0, 0], [0, 0], [0, 0], [0, 0], [0, 0], [1, 29.75297379231943], [0, 0], [1, -7.589855254184894], [1, 12.121230701206674], [0, 0], [1, 23.618655629064175], [0, 0], [0, 0], [0, 0], [0, 0], [1, 23.618655629064175], [1, 11.653189072226018], [1, 11.653189072226018], [1, 14.240221174912524], [0, 0], [0, 0], [1, 14.240221174912524], [1, 17.901187826990157], [0, 0], [1, 23.780593699227868], [1, 23.780593699227868], [0, 0], [0, 0], [1, 12.701516907800883], [1, 17.58379906728974], [0, 0], [0, 0], [1, 17.58379906728974], [1, 20.179872255694104], [0, 0]]
Fitness: 4.760699259142099

Solution: [[0, 0], [0, 0], [1, 30.897045233586404], [0, 0], [0, 0], [0, 0], [0, 0], [0, 0], [1, 38.02274151932813], [0, 0], [0, 0], [0, 0], [0, 0], [0, 0], [0, 0], [0, 0], [1, 38.02274151932813], [0, 0], [0, 0], [0, 0], [0, 0], [1, 31.38644514336919], [0, 0], [0, 0], [0, 0], [1, 31.38644514336919], [0, 0], [1, 18.380056292049517], [0, 0], [0, 0], [1, 18.380056292049517], [1, 7.092988266645647], [0, 0], [1, 7.092988266645647], [1, 30.379146184791765], [0, 0], [0, 0], [0, 0], [0, 0], [1, 30.379146184791765], [0, 0], [0, 0], [1, 6.477793084332195], [1, 6.477793084332195], [1, 8.00333895643693], [0, 0], [0, 0], [1, 28.437107536592055], [0, 0], [0, 0], [0, 0], [1, 28.437107536592055], [1, -4.126221379929422], [1, 22.092076231927102], [0, 0], [0, 0], [0, 0], [1, 22.092076231927102], [0, 0], [0, 0], [1, 0.3762582856234178], [1, 2.452866540603949], [1, 29.75297379231943], [0, 0], [0, 0], [0, 0], [0, 0], [0, 0], [0, 0], [0, 0], [1, 29.75297379231943], [0, 0], [1, -7.589855254184894], [1, 12.121230701206674], [0, 0], [1, 23.618655629064175], [0, 0], [0, 0], [0, 0], [0, 0], [1, 23.618655629064175], [1, 11.653189072226018], [1, 11.653189072226018], [1, 14.240221174912524], [0, 0], [0, 0], [1, 14.240221174912524], [1, 17.901187826990157], [0, 0], [1, 23.780593699227868], [1, 23.780593699227868], [0, 0], [0, 0], [1, 12.701516907800883], [1, 17.58379906728974], [0, 0], [0, 0], [1, 17.58379906728974], [1, 20.179872255694104], [0, 0]]
Fitness: 3.92567561505107

Solution: [[0, 0], [0, 0], [1, 30.897045233586404], [0, 0], [0, 0], [0, 0], [0, 0], [0, 0], [1, 38.02274151932813], [0, 0], [0, 0], [0, 0], [0, 0], [0, 0], [0, 0], [0, 0], [1, 38.02274151932813], [0, 0], [0, 0], [0, 0], [0, 0], [1, 31.38644514336919], [0, 0], [0, 0], [0, 0], [1, 31.38644514336919], [0, 0], [1, 18.380056292049517], [0, 0], [0, 0], [1, 18.380056292049517], [1, 7.092988266645647], [0, 0], [1, 7.092988266645647], [1, 30.379146184791765], [0, 0], [0, 0], [0, 0], [0, 0], [1, 30.379146184791765], [0, 0], [0, 0], [1, 6.477793084332195], [1, 6.477793084332195], [1, 8.00333895643693], [0, 0], [0, 0], [1, 28.437107536592055], [0, 0], [0, 0], [0, 0], [1, 28.437107536592055], [1, -4.126221379929422], [1, 22.092076231927102], [0, 0], [0, 0], [0, 0], [1, 22.092076231927102], [0, 0], [0, 0], [1, 0.3762582856234178], [1, 2.452866540603949], [1, 29.75297379231943], [0, 0], [0, 0], [0, 0], [0, 0], [0, 0], [0, 0], [0, 0], [1, 29.75297379231943], [0, 0], [1, -7.589855254184894], [1, 12.121230701206674], [0, 0], [1, 23.618655629064175], [0, 0], [0, 0], [0, 0], [0, 0], [1, 23.618655629064175], [1, 11.653189072226018], [1, 11.653189072226018], [1, 14.240221174912524], [0, 0], [0, 0], [1, 14.240221174912524], [1, 17.901187826990157], [0, 0], [1, 23.780593699227868], [1, 23.780593699227868], [0, 0], [0, 0], [1, 12.701516907800883], [1, 17.58379906728974], [0, 0], [0, 0], [1, 17.58379906728974], [1, 20.179872255694104], [0, 0]]
Fitness: 5.1748518122900045

Solution: [[0, 0], [0, 0], [1, 30.897045233586404], [0, 0], [0, 0], [0, 0], [0, 0], [0, 0], [1, 38.02274151932813], [0, 0], [0, 0], [0, 0], [0, 0], [0, 0], [0, 0], [0, 0], [1, 38.02274151932813], [0, 0], [0, 0], [0, 0], [0, 0], [1, 31.38644514336919], [0, 0], [0, 0], [0, 0], [1, 31.38644514336919], [0, 0], [1, 18.380056292049517], [0, 0], [0, 0], [1, 18.380056292049517], [1, 7.092988266645647], [0, 0], [1, 7.092988266645647], [1, 30.379146184791765], [0, 0], [0, 0], [0, 0], [0, 0], [1, 30.379146184791765], [0, 0], [0, 0], [1, 6.477793084332195], [1, 6.477793084332195], [1, 8.00333895643693], [0, 0], [0, 0], [1, 28.437107536592055], [0, 0], [0, 0], [0, 0], [1, 28.437107536592055], [1, -4.126221379929422], [1, 22.092076231927102], [0, 0], [0, 0], [0, 0], [1, 22.092076231927102], [0, 0], [0, 0], [1, 0.3762582856234178], [1, 2.452866540603949], [1, 29.75297379231943], [0, 0], [0, 0], [0, 0], [0, 0], [0, 0], [0, 0], [0, 0], [1, 29.75297379231943], [0, 0], [1, -7.589855254184894], [1, 12.121230701206674], [0, 0], [1, 23.618655629064175], [0, 0], [0, 0], [0, 0], [0, 0], [1, 23.618655629064175], [1, 11.653189072226018], [1, 11.653189072226018], [1, 14.240221174912524], [0, 0], [0, 0], [1, 14.240221174912524], [1, 17.901187826990157], [0, 0], [1, 23.780593699227868], [1, 23.780593699227868], [0, 0], [0, 0], [1, 12.701516907800883], [1, 17.58379906728974], [0, 0], [0, 0], [1, 17.58379906728974], [1, 20.179872255694104], [0, 0]]
Fitness: 5.02742271104982

Solution: [[0, 0], [0, 0], [1, 30.897045233586404], [0, 0], [0, 0], [0, 0], [0, 0], [0, 0], [1, 38.02274151932813], [0, 0], [0, 0], [0, 0], [0, 0], [0, 0], [0, 0], [0, 0], [1, 38.02274151932813], [0, 0], [0, 0], [0, 0], [0, 0], [1, 31.38644514336919], [0, 0], [0, 0], [0, 0], [1, 31.38644514336919], [0, 0], [1, 18.380056292049517], [0, 0], [0, 0], [1, 18.380056292049517], [1, 7.092988266645647], [0, 0], [1, 7.092988266645647], [1, 30.379146184791765], [0, 0], [0, 0], [0, 0], [0, 0], [1, 30.379146184791765], [0, 0], [0, 0], [1, 6.477793084332195], [1, 6.477793084332195], [1, 8.00333895643693], [0, 0], [0, 0], [1, 28.437107536592055], [0, 0], [0, 0], [0, 0], [1, 28.437107536592055], [1, -4.126221379929422], [1, 22.092076231927102], [0, 0], [0, 0], [0, 0], [1, 22.092076231927102], [0, 0], [0, 0], [1, 0.3762582856234178], [1, 2.452866540603949], [1, 29.75297379231943], [0, 0], [0, 0], [0, 0], [0, 0], [0, 0], [0, 0], [0, 0], [1, 29.75297379231943], [0, 0], [1, -7.589855254184894], [1, 12.121230701206674], [0, 0], [1, 23.618655629064175], [0, 0], [0, 0], [0, 0], [0, 0], [1, 23.618655629064175], [1, 11.653189072226018], [1, 11.653189072226018], [1, 14.240221174912524], [0, 0], [0, 0], [1, 14.240221174912524], [1, 17.901187826990157], [0, 0], [1, 23.780593699227868], [1, 23.780593699227868], [0, 0], [0, 0], [1, 12.701516907800883], [1, 17.58379906728974], [0, 0], [0, 0], [1, 17.58379906728974], [1, 20.179872255694104], [0, 0]]
Fitness: 5.407163532196927

Solution: [[0, 0], [0, 0], [1, 30.897045233586404], [0, 0], [0, 0], [0, 0], [0, 0], [0, 0], [1, 38.02274151932813], [0, 0], [0, 0], [0, 0], [0, 0], [0, 0], [0, 0], [0, 0], [1, 38.02274151932813], [0, 0], [0, 0], [0, 0], [0, 0], [1, 31.38644514336919], [0, 0], [0, 0], [0, 0], [1, 31.38644514336919], [0, 0], [1, 18.380056292049517], [0, 0], [0, 0], [1, 18.380056292049517], [1, 7.092988266645647], [0, 0], [1, 7.092988266645647], [1, 30.379146184791765], [0, 0], [0, 0], [0, 0], [0, 0], [1, 30.379146184791765], [0, 0], [0, 0], [1, 6.477793084332195], [1, 6.477793084332195], [1, 8.00333895643693], [0, 0], [0, 0], [1, 28.437107536592055], [0, 0], [0, 0], [0, 0], [1, 28.437107536592055], [1, -4.126221379929422], [1, 22.092076231927102], [0, 0], [0, 0], [0, 0], [1, 22.092076231927102], [0, 0], [0, 0], [1, 0.3762582856234178], [1, 2.452866540603949], [1, 29.75297379231943], [0, 0], [0, 0], [0, 0], [0, 0], [0, 0], [0, 0], [0, 0], [1, 29.75297379231943], [0, 0], [1, -7.589855254184894], [1, 12.121230701206674], [0, 0], [1, 23.618655629064175], [0, 0], [0, 0], [0, 0], [0, 0], [1, 23.618655629064175], [1, 11.653189072226018], [1, 11.653189072226018], [1, 14.240221174912524], [0, 0], [0, 0], [1, 14.240221174912524], [1, 17.901187826990157], [0, 0], [1, 23.780593699227868], [1, 23.780593699227868], [0, 0], [0, 0], [1, 12.701516907800883], [1, 17.58379906728974], [0, 0], [0, 0], [1, 17.58379906728974], [1, 20.179872255694104], [0, 0]]
Fitness: 3.987616548345866

Solution: [[0, 0], [0, 0], [1, 30.897045233586404], [0, 0], [0, 0], [0, 0], [0, 0], [0, 0], [1, 38.02274151932813], [0, 0], [0, 0], [0, 0], [0, 0], [0, 0], [0, 0], [0, 0], [1, 38.02274151932813], [0, 0], [0, 0], [0, 0], [0, 0], [1, 31.38644514336919], [0, 0], [0, 0], [0, 0], [1, 31.38644514336919], [0, 0], [1, 18.380056292049517], [0, 0], [0, 0], [1, 18.380056292049517], [1, 7.092988266645647], [0, 0], [1, 7.092988266645647], [1, 30.379146184791765], [0, 0], [0, 0], [0, 0], [0, 0], [1, 30.379146184791765], [0, 0], [0, 0], [1, 6.477793084332195], [1, 6.477793084332195], [1, 8.00333895643693], [0, 0], [0, 0], [1, 28.437107536592055], [0, 0], [0, 0], [0, 0], [1, 28.437107536592055], [1, -4.126221379929422], [1, 22.092076231927102], [0, 0], [0, 0], [0, 0], [1, 22.092076231927102], [0, 0], [0, 0], [1, 0.3762582856234178], [1, 2.452866540603949], [1, 29.75297379231943], [0, 0], [0, 0], [0, 0], [0, 0], [0, 0], [0, 0], [0, 0], [1, 29.75297379231943], [0, 0], [1, -7.589855254184894], [1, 12.121230701206674], [0, 0], [1, 23.618655629064175], [0, 0], [0, 0], [0, 0], [0, 0], [1, 23.618655629064175], [1, 11.653189072226018], [1, 11.653189072226018], [1, 14.240221174912524], [0, 0], [0, 0], [1, 14.240221174912524], [1, 17.901187826990157], [0, 0], [1, 23.780593699227868], [1, 23.780593699227868], [0, 0], [0, 0], [1, 12.701516907800883], [1, 17.58379906728974], [0, 0], [0, 0], [1, 17.58379906728974], [1, 20.179872255694104], [0, 0]]
Fitness: 4.870834395502867

Solution: [[0, 0], [0, 0], [1, 30.897045233586404], [0, 0], [0, 0], [0, 0], [0, 0], [0, 0], [1, 38.02274151932813], [0, 0], [0, 0], [0, 0], [0, 0], [0, 0], [0, 0], [0, 0], [1, 38.02274151932813], [0, 0], [0, 0], [0, 0], [0, 0], [1, 31.38644514336919], [0, 0], [0, 0], [0, 0], [1, 31.38644514336919], [0, 0], [1, 18.380056292049517], [0, 0], [0, 0], [1, 18.380056292049517], [1, 7.092988266645647], [0, 0], [1, 7.092988266645647], [1, 30.379146184791765], [0, 0], [0, 0], [0, 0], [0, 0], [1, 30.379146184791765], [0, 0], [0, 0], [1, 6.477793084332195], [1, 6.477793084332195], [1, 8.00333895643693], [0, 0], [0, 0], [1, 28.437107536592055], [0, 0], [0, 0], [0, 0], [1, 28.437107536592055], [1, -4.126221379929422], [1, 22.092076231927102], [0, 0], [0, 0], [0, 0], [1, 22.092076231927102], [0, 0], [0, 0], [1, 0.3762582856234178], [1, 2.452866540603949], [1, 29.75297379231943], [0, 0], [0, 0], [0, 0], [0, 0], [0, 0], [0, 0], [0, 0], [1, 29.75297379231943], [0, 0], [1, -7.589855254184894], [1, 12.121230701206674], [0, 0], [1, 23.618655629064175], [0, 0], [0, 0], [0, 0], [0, 0], [1, 23.618655629064175], [1, 11.653189072226018], [1, 11.653189072226018], [1, 14.240221174912524], [0, 0], [0, 0], [1, 14.240221174912524], [1, 17.901187826990157], [0, 0], [1, 23.780593699227868], [1, 23.780593699227868], [0, 0], [0, 0], [1, 12.701516907800883], [1, 17.58379906728974], [0, 0], [0, 0], [1, 17.58379906728974], [1, 20.179872255694104], [0, 0]]
Fitness: 3.72986008656139

Solution: [[0, 0], [0, 0], [1, 30.897045233586404], [0, 0], [0, 0], [0, 0], [0, 0], [0, 0], [1, 38.02274151932813], [0, 0], [0, 0], [0, 0], [0, 0], [0, 0], [0, 0], [0, 0], [1, 38.02274151932813], [0, 0], [0, 0], [0, 0], [0, 0], [1, 31.38644514336919], [0, 0], [0, 0], [0, 0], [1, 31.38644514336919], [0, 0], [1, 18.380056292049517], [0, 0], [0, 0], [1, 18.380056292049517], [1, 7.092988266645647], [0, 0], [1, 7.092988266645647], [1, 30.379146184791765], [0, 0], [0, 0], [0, 0], [0, 0], [1, 30.379146184791765], [0, 0], [0, 0], [1, 6.477793084332195], [1, 6.477793084332195], [1, 8.00333895643693], [0, 0], [0, 0], [1, 28.437107536592055], [0, 0], [0, 0], [0, 0], [1, 28.437107536592055], [1, -4.126221379929422], [1, 22.092076231927102], [0, 0], [0, 0], [0, 0], [1, 22.092076231927102], [0, 0], [0, 0], [1, 0.3762582856234178], [1, 2.452866540603949], [1, 29.75297379231943], [0, 0], [0, 0], [0, 0], [0, 0], [0, 0], [0, 0], [0, 0], [1, 29.75297379231943], [0, 0], [1, -7.589855254184894], [1, 12.121230701206674], [0, 0], [1, 23.618655629064175], [0, 0], [0, 0], [0, 0], [0, 0], [1, 23.618655629064175], [1, 11.653189072226018], [1, 11.653189072226018], [1, 14.240221174912524], [0, 0], [0, 0], [1, 14.240221174912524], [1, 17.901187826990157], [0, 0], [1, 23.780593699227868], [1, 23.780593699227868], [0, 0], [0, 0], [1, 12.701516907800883], [1, 17.58379906728974], [0, 0], [0, 0], [1, 17.58379906728974], [1, 20.179872255694104], [0, 0]]
Fitness: 4.036071225259001

Solution: [[0, 0], [0, 0], [1, 30.897045233586404], [0, 0], [0, 0], [0, 0], [0, 0], [0, 0], [1, 38.02274151932813], [0, 0], [0, 0], [0, 0], [0, 0], [0, 0], [0, 0], [0, 0], [1, 38.02274151932813], [0, 0], [0, 0], [0, 0], [0, 0], [1, 31.38644514336919], [0, 0], [0, 0], [0, 0], [1, 31.38644514336919], [0, 0], [1, 18.380056292049517], [0, 0], [0, 0], [1, 18.380056292049517], [1, 7.092988266645647], [0, 0], [1, 7.092988266645647], [1, 30.379146184791765], [0, 0], [0, 0], [0, 0], [0, 0], [1, 30.379146184791765], [0, 0], [0, 0], [1, 6.477793084332195], [1, 6.477793084332195], [1, 8.00333895643693], [0, 0], [0, 0], [1, 28.437107536592055], [0, 0], [0, 0], [0, 0], [1, 28.437107536592055], [1, -4.126221379929422], [1, 22.092076231927102], [0, 0], [0, 0], [0, 0], [1, 22.092076231927102], [0, 0], [0, 0], [1, 0.3762582856234178], [1, 2.452866540603949], [1, 29.75297379231943], [0, 0], [0, 0], [0, 0], [0, 0], [0, 0], [0, 0], [0, 0], [1, 29.75297379231943], [0, 0], [1, -7.589855254184894], [1, 12.121230701206674], [0, 0], [1, 23.618655629064175], [0, 0], [0, 0], [0, 0], [0, 0], [1, 23.618655629064175], [1, 11.653189072226018], [1, 11.653189072226018], [1, 14.240221174912524], [0, 0], [0, 0], [1, 14.240221174912524], [1, 17.901187826990157], [0, 0], [1, 23.780593699227868], [1, 23.780593699227868], [0, 0], [0, 0], [1, 12.701516907800883], [1, 17.58379906728974], [0, 0], [0, 0], [1, 17.58379906728974], [1, 20.179872255694104], [0, 0]]
Fitness: 6.3483991793243915

Solution: [[0, 0], [0, 0], [1, 30.897045233586404], [0, 0], [0, 0], [0, 0], [0, 0], [0, 0], [1, 38.02274151932813], [0, 0], [0, 0], [0, 0], [0, 0], [0, 0], [0, 0], [0, 0], [1, 38.02274151932813], [0, 0], [0, 0], [0, 0], [0, 0], [1, 31.38644514336919], [0, 0], [0, 0], [0, 0], [1, 31.38644514336919], [0, 0], [1, 18.380056292049517], [0, 0], [0, 0], [1, 18.380056292049517], [1, 7.092988266645647], [0, 0], [1, 7.092988266645647], [1, 30.379146184791765], [0, 0], [0, 0], [0, 0], [0, 0], [1, 30.379146184791765], [0, 0], [0, 0], [1, 6.477793084332195], [1, 6.477793084332195], [1, 8.00333895643693], [0, 0], [0, 0], [1, 28.437107536592055], [0, 0], [0, 0], [0, 0], [1, 28.437107536592055], [1, -4.126221379929422], [1, 22.092076231927102], [0, 0], [0, 0], [0, 0], [1, 22.092076231927102], [0, 0], [0, 0], [1, 0.3762582856234178], [1, 2.452866540603949], [1, 29.75297379231943], [0, 0], [0, 0], [0, 0], [0, 0], [0, 0], [0, 0], [0, 0], [1, 29.75297379231943], [0, 0], [1, -7.589855254184894], [1, 12.121230701206674], [0, 0], [1, 23.618655629064175], [0, 0], [0, 0], [0, 0], [0, 0], [1, 23.618655629064175], [1, 11.653189072226018], [1, 11.653189072226018], [1, 14.240221174912524], [0, 0], [0, 0], [1, 14.240221174912524], [1, 17.901187826990157], [0, 0], [1, 23.780593699227868], [1, 23.780593699227868], [0, 0], [0, 0], [1, 12.701516907800883], [1, 17.58379906728974], [0, 0], [0, 0], [1, 17.58379906728974], [1, 20.179872255694104], [0, 0]]
Fitness: 6.994402317845377

Solution: [[0, 0], [0, 0], [1, 30.897045233586404], [0, 0], [0, 0], [0, 0], [0, 0], [0, 0], [1, 38.02274151932813], [0, 0], [0, 0], [0, 0], [0, 0], [0, 0], [0, 0], [0, 0], [1, 38.02274151932813], [0, 0], [0, 0], [0, 0], [0, 0], [1, 31.38644514336919], [0, 0], [0, 0], [0, 0], [1, 31.38644514336919], [0, 0], [1, 18.380056292049517], [0, 0], [0, 0], [1, 18.380056292049517], [1, 7.092988266645647], [0, 0], [1, 7.092988266645647], [1, 30.379146184791765], [0, 0], [0, 0], [0, 0], [0, 0], [1, 30.379146184791765], [0, 0], [0, 0], [1, 6.477793084332195], [1, 6.477793084332195], [1, 8.00333895643693], [0, 0], [0, 0], [1, 28.437107536592055], [0, 0], [0, 0], [0, 0], [1, 28.437107536592055], [1, -4.126221379929422], [1, 22.092076231927102], [0, 0], [0, 0], [0, 0], [1, 22.092076231927102], [0, 0], [0, 0], [1, 0.3762582856234178], [1, 2.452866540603949], [1, 29.75297379231943], [0, 0], [0, 0], [0, 0], [0, 0], [0, 0], [0, 0], [0, 0], [1, 29.75297379231943], [0, 0], [1, -7.589855254184894], [1, 12.121230701206674], [0, 0], [1, 23.618655629064175], [0, 0], [0, 0], [0, 0], [0, 0], [1, 23.618655629064175], [1, 11.653189072226018], [1, 11.653189072226018], [1, 14.240221174912524], [0, 0], [0, 0], [1, 14.240221174912524], [1, 17.901187826990157], [0, 0], [1, 23.780593699227868], [1, 23.780593699227868], [0, 0], [0, 0], [1, 12.701516907800883], [1, 17.58379906728974], [0, 0], [0, 0], [1, 17.58379906728974], [1, 20.179872255694104], [0, 0]]
Fitness: 7.429493419824532

Solution: [[0, 0], [0, 0], [1, 30.897045233586404], [0, 0], [0, 0], [0, 0], [0, 0], [0, 0], [1, 38.02274151932813], [0, 0], [0, 0], [0, 0], [0, 0], [0, 0], [0, 0], [0, 0], [1, 38.02274151932813], [0, 0], [0, 0], [0, 0], [0, 0], [1, 31.38644514336919], [0, 0], [0, 0], [0, 0], [1, 31.38644514336919], [0, 0], [1, 18.380056292049517], [0, 0], [0, 0], [1, 18.380056292049517], [1, 7.092988266645647], [0, 0], [1, 7.092988266645647], [1, 30.379146184791765], [0, 0], [0, 0], [0, 0], [0, 0], [1, 30.379146184791765], [0, 0], [0, 0], [1, 6.477793084332195], [1, 6.477793084332195], [1, 8.00333895643693], [0, 0], [0, 0], [1, 28.437107536592055], [0, 0], [0, 0], [0, 0], [1, 28.437107536592055], [1, -4.126221379929422], [1, 22.092076231927102], [0, 0], [0, 0], [0, 0], [1, 22.092076231927102], [0, 0], [0, 0], [1, 0.3762582856234178], [1, 2.452866540603949], [1, 29.75297379231943], [0, 0], [0, 0], [0, 0], [0, 0], [0, 0], [0, 0], [0, 0], [1, 29.75297379231943], [0, 0], [1, -7.589855254184894], [1, 12.121230701206674], [0, 0], [1, 23.618655629064175], [0, 0], [0, 0], [0, 0], [0, 0], [1, 23.618655629064175], [1, 11.653189072226018], [1, 11.653189072226018], [1, 14.240221174912524], [0, 0], [0, 0], [1, 14.240221174912524], [1, 17.901187826990157], [0, 0], [1, 23.780593699227868], [1, 23.780593699227868], [0, 0], [0, 0], [1, 12.701516907800883], [1, 17.58379906728974], [0, 0], [0, 0], [1, 17.58379906728974], [1, 20.179872255694104], [0, 0]]
Fitness: 3.86519471975328

Solution: [[0, 0], [0, 0], [1, 30.897045233586404], [0, 0], [0, 0], [0, 0], [0, 0], [0, 0], [1, 38.02274151932813], [0, 0], [0, 0], [0, 0], [0, 0], [0, 0], [0, 0], [0, 0], [1, 38.02274151932813], [0, 0], [0, 0], [0, 0], [0, 0], [1, 31.38644514336919], [0, 0], [0, 0], [0, 0], [1, 31.38644514336919], [0, 0], [1, 18.380056292049517], [0, 0], [0, 0], [1, 18.380056292049517], [1, 7.092988266645647], [0, 0], [1, 7.092988266645647], [1, 30.379146184791765], [0, 0], [0, 0], [0, 0], [0, 0], [1, 30.379146184791765], [0, 0], [0, 0], [1, 6.477793084332195], [1, 6.477793084332195], [1, 8.00333895643693], [0, 0], [0, 0], [1, 28.437107536592055], [0, 0], [0, 0], [0, 0], [1, 28.437107536592055], [1, -4.126221379929422], [1, 22.092076231927102], [0, 0], [0, 0], [0, 0], [1, 22.092076231927102], [0, 0], [0, 0], [1, 0.3762582856234178], [1, 2.452866540603949], [1, 29.75297379231943], [0, 0], [0, 0], [0, 0], [0, 0], [0, 0], [0, 0], [0, 0], [1, 29.75297379231943], [0, 0], [1, -7.589855254184894], [1, 12.121230701206674], [0, 0], [1, 23.618655629064175], [0, 0], [0, 0], [0, 0], [0, 0], [1, 23.618655629064175], [1, 11.653189072226018], [1, 11.653189072226018], [1, 14.240221174912524], [0, 0], [0, 0], [1, 14.240221174912524], [1, 17.901187826990157], [0, 0], [1, 23.780593699227868], [1, 23.780593699227868], [0, 0], [0, 0], [1, 12.701516907800883], [1, 17.58379906728974], [0, 0], [0, 0], [1, 17.58379906728974], [1, 20.179872255694104], [0, 0]]
Fitness: 7.848270325293525

Solution: [[0, 0], [0, 0], [1, 30.897045233586404], [0, 0], [0, 0], [0, 0], [0, 0], [0, 0], [1, 38.02274151932813], [0, 0], [0, 0], [0, 0], [0, 0], [0, 0], [0, 0], [0, 0], [1, 38.02274151932813], [0, 0], [0, 0], [0, 0], [0, 0], [1, 31.38644514336919], [0, 0], [0, 0], [0, 0], [1, 31.38644514336919], [0, 0], [1, 18.380056292049517], [0, 0], [0, 0], [1, 18.380056292049517], [1, 7.092988266645647], [0, 0], [1, 7.092988266645647], [1, 30.379146184791765], [0, 0], [0, 0], [0, 0], [0, 0], [1, 30.379146184791765], [0, 0], [0, 0], [1, 6.477793084332195], [1, 6.477793084332195], [1, 8.00333895643693], [0, 0], [0, 0], [1, 28.437107536592055], [0, 0], [0, 0], [0, 0], [1, 28.437107536592055], [1, -4.126221379929422], [1, 22.092076231927102], [0, 0], [0, 0], [0, 0], [1, 22.092076231927102], [0, 0], [0, 0], [1, 0.3762582856234178], [1, 2.452866540603949], [1, 29.75297379231943], [0, 0], [0, 0], [0, 0], [0, 0], [0, 0], [0, 0], [0, 0], [1, 29.75297379231943], [0, 0], [1, -7.589855254184894], [1, 12.121230701206674], [0, 0], [1, 23.618655629064175], [0, 0], [0, 0], [0, 0], [0, 0], [1, 23.618655629064175], [1, 11.653189072226018], [1, 11.653189072226018], [1, 14.240221174912524], [0, 0], [0, 0], [1, 14.240221174912524], [1, 17.901187826990157], [0, 0], [1, 23.780593699227868], [1, 23.780593699227868], [0, 0], [0, 0], [1, 12.701516907800883], [1, 17.58379906728974], [0, 0], [0, 0], [1, 17.58379906728974], [1, 20.179872255694104], [0, 0]]
Fitness: 7.689084915540195

Solution: [[0, 0], [0, 0], [1, 30.897045233586404], [0, 0], [0, 0], [0, 0], [0, 0], [0, 0], [1, 38.02274151932813], [0, 0], [0, 0], [0, 0], [0, 0], [0, 0], [0, 0], [0, 0], [1, 38.02274151932813], [0, 0], [0, 0], [0, 0], [0, 0], [1, 31.38644514336919], [0, 0], [0, 0], [0, 0], [1, 31.38644514336919], [0, 0], [1, 18.380056292049517], [0, 0], [0, 0], [1, 18.380056292049517], [1, 7.092988266645647], [0, 0], [1, 7.092988266645647], [1, 30.379146184791765], [0, 0], [0, 0], [0, 0], [0, 0], [1, 30.379146184791765], [0, 0], [0, 0], [1, 6.477793084332195], [1, 6.477793084332195], [1, 8.00333895643693], [0, 0], [0, 0], [1, 28.437107536592055], [0, 0], [0, 0], [0, 0], [1, 28.437107536592055], [1, -4.126221379929422], [1, 22.092076231927102], [0, 0], [0, 0], [0, 0], [1, 22.092076231927102], [0, 0], [0, 0], [1, 0.3762582856234178], [1, 2.452866540603949], [1, 29.75297379231943], [0, 0], [0, 0], [0, 0], [0, 0], [0, 0], [0, 0], [0, 0], [1, 29.75297379231943], [0, 0], [1, -7.589855254184894], [1, 12.121230701206674], [0, 0], [1, 23.618655629064175], [0, 0], [0, 0], [0, 0], [0, 0], [1, 23.618655629064175], [1, 11.653189072226018], [1, 11.653189072226018], [1, 14.240221174912524], [0, 0], [0, 0], [1, 14.240221174912524], [1, 17.901187826990157], [0, 0], [1, 23.780593699227868], [1, 23.780593699227868], [0, 0], [0, 0], [1, 12.701516907800883], [1, 17.58379906728974], [0, 0], [0, 0], [1, 17.58379906728974], [1, 20.179872255694104], [0, 0]]
Fitness: 4.660113503091416

Solution: [[0, 0], [0, 0], [1, 30.897045233586404], [0, 0], [0, 0], [0, 0], [0, 0], [0, 0], [1, 38.02274151932813], [0, 0], [0, 0], [0, 0], [0, 0], [0, 0], [0, 0], [0, 0], [1, 38.02274151932813], [0, 0], [0, 0], [0, 0], [0, 0], [1, 31.38644514336919], [0, 0], [0, 0], [0, 0], [1, 31.38644514336919], [0, 0], [1, 18.380056292049517], [0, 0], [0, 0], [1, 18.380056292049517], [1, 7.092988266645647], [0, 0], [1, 7.092988266645647], [1, 30.379146184791765], [0, 0], [0, 0], [0, 0], [0, 0], [1, 30.379146184791765], [0, 0], [0, 0], [1, 6.477793084332195], [1, 6.477793084332195], [1, 8.00333895643693], [0, 0], [0, 0], [1, 28.437107536592055], [0, 0], [0, 0], [0, 0], [1, 28.437107536592055], [1, -4.126221379929422], [1, 22.092076231927102], [0, 0], [0, 0], [0, 0], [1, 22.092076231927102], [0, 0], [0, 0], [1, 0.3762582856234178], [1, 2.452866540603949], [1, 29.75297379231943], [0, 0], [0, 0], [0, 0], [0, 0], [0, 0], [0, 0], [0, 0], [1, 29.75297379231943], [0, 0], [1, -7.589855254184894], [1, 12.121230701206674], [0, 0], [1, 23.618655629064175], [0, 0], [0, 0], [0, 0], [0, 0], [1, 23.618655629064175], [1, 11.653189072226018], [1, 11.653189072226018], [1, 14.240221174912524], [0, 0], [0, 0], [1, 14.240221174912524], [1, 17.901187826990157], [0, 0], [1, 23.780593699227868], [1, 23.780593699227868], [0, 0], [0, 0], [1, 12.701516907800883], [1, 17.58379906728974], [0, 0], [0, 0], [1, 17.58379906728974], [1, 20.179872255694104], [0, 0]]
Fitness: 6.173020829569141

Solution: [[0, 0], [0, 0], [1, 30.897045233586404], [0, 0], [0, 0], [0, 0], [0, 0], [0, 0], [1, 38.02274151932813], [0, 0], [0, 0], [0, 0], [0, 0], [0, 0], [0, 0], [0, 0], [1, 38.02274151932813], [0, 0], [0, 0], [0, 0], [0, 0], [1, 31.38644514336919], [0, 0], [0, 0], [0, 0], [1, 31.38644514336919], [0, 0], [1, 18.380056292049517], [0, 0], [0, 0], [1, 18.380056292049517], [1, 7.092988266645647], [0, 0], [1, 7.092988266645647], [1, 30.379146184791765], [0, 0], [0, 0], [0, 0], [0, 0], [1, 30.379146184791765], [0, 0], [0, 0], [1, 6.477793084332195], [1, 6.477793084332195], [1, 8.00333895643693], [0, 0], [0, 0], [1, 28.437107536592055], [0, 0], [0, 0], [0, 0], [1, 28.437107536592055], [1, -4.126221379929422], [1, 22.092076231927102], [0, 0], [0, 0], [0, 0], [1, 22.092076231927102], [0, 0], [0, 0], [1, 0.3762582856234178], [1, 2.452866540603949], [1, 29.75297379231943], [0, 0], [0, 0], [0, 0], [0, 0], [0, 0], [0, 0], [0, 0], [1, 29.75297379231943], [0, 0], [1, -7.589855254184894], [1, 12.121230701206674], [0, 0], [1, 23.618655629064175], [0, 0], [0, 0], [0, 0], [0, 0], [1, 23.618655629064175], [1, 11.653189072226018], [1, 11.653189072226018], [1, 14.240221174912524], [0, 0], [0, 0], [1, 14.240221174912524], [1, 17.901187826990157], [0, 0], [1, 23.780593699227868], [1, 23.780593699227868], [0, 0], [0, 0], [1, 12.701516907800883], [1, 17.58379906728974], [0, 0], [0, 0], [1, 17.58379906728974], [1, 20.179872255694104], [0, 0]]
Fitness: 4.108156949288167

Solution: [[0, 0], [0, 0], [1, 30.897045233586404], [0, 0], [0, 0], [0, 0], [0, 0], [0, 0], [1, 38.02274151932813], [0, 0], [0, 0], [0, 0], [0, 0], [0, 0], [0, 0], [0, 0], [1, 38.02274151932813], [0, 0], [0, 0], [0, 0], [0, 0], [1, 31.38644514336919], [0, 0], [0, 0], [0, 0], [1, 31.38644514336919], [0, 0], [1, 18.380056292049517], [0, 0], [0, 0], [1, 18.380056292049517], [1, 7.092988266645647], [0, 0], [1, 7.092988266645647], [1, 30.379146184791765], [0, 0], [0, 0], [0, 0], [0, 0], [1, 30.379146184791765], [0, 0], [0, 0], [1, 6.477793084332195], [1, 6.477793084332195], [1, 8.00333895643693], [0, 0], [0, 0], [1, 28.437107536592055], [0, 0], [0, 0], [0, 0], [1, 28.437107536592055], [1, -4.126221379929422], [1, 22.092076231927102], [0, 0], [0, 0], [0, 0], [1, 22.092076231927102], [0, 0], [0, 0], [1, 0.3762582856234178], [1, 2.452866540603949], [1, 29.75297379231943], [0, 0], [0, 0], [0, 0], [0, 0], [0, 0], [0, 0], [0, 0], [1, 29.75297379231943], [0, 0], [1, -7.589855254184894], [1, 12.121230701206674], [0, 0], [1, 23.618655629064175], [0, 0], [0, 0], [0, 0], [0, 0], [1, 23.618655629064175], [1, 11.653189072226018], [1, 11.653189072226018], [1, 14.240221174912524], [0, 0], [0, 0], [1, 14.240221174912524], [1, 17.901187826990157], [0, 0], [1, 23.780593699227868], [1, 23.780593699227868], [0, 0], [0, 0], [1, 12.701516907800883], [1, 17.58379906728974], [0, 0], [0, 0], [1, 17.58379906728974], [1, 20.179872255694104], [0, 0]]
Fitness: 8.414217348053368

Solution: [[0, 0], [0, 0], [1, 30.897045233586404], [0, 0], [0, 0], [0, 0], [0, 0], [0, 0], [1, 38.02274151932813], [0, 0], [0, 0], [0, 0], [0, 0], [0, 0], [0, 0], [0, 0], [1, 38.02274151932813], [0, 0], [0, 0], [0, 0], [0, 0], [1, 31.38644514336919], [0, 0], [0, 0], [0, 0], [1, 31.38644514336919], [0, 0], [1, 18.380056292049517], [0, 0], [0, 0], [1, 18.380056292049517], [1, 7.092988266645647], [0, 0], [1, 7.092988266645647], [1, 30.379146184791765], [0, 0], [0, 0], [0, 0], [0, 0], [1, 30.379146184791765], [0, 0], [0, 0], [1, 6.477793084332195], [1, 6.477793084332195], [1, 8.00333895643693], [0, 0], [0, 0], [1, 28.437107536592055], [0, 0], [0, 0], [0, 0], [1, 28.437107536592055], [1, -4.126221379929422], [1, 22.092076231927102], [0, 0], [0, 0], [0, 0], [1, 22.092076231927102], [0, 0], [0, 0], [1, 0.3762582856234178], [1, 2.452866540603949], [1, 29.75297379231943], [0, 0], [0, 0], [0, 0], [0, 0], [0, 0], [0, 0], [0, 0], [1, 29.75297379231943], [0, 0], [1, -7.589855254184894], [1, 12.121230701206674], [0, 0], [1, 23.618655629064175], [0, 0], [0, 0], [0, 0], [0, 0], [1, 23.618655629064175], [1, 11.653189072226018], [1, 11.653189072226018], [1, 14.240221174912524], [0, 0], [0, 0], [1, 14.240221174912524], [1, 17.901187826990157], [0, 0], [1, 23.780593699227868], [1, 23.780593699227868], [0, 0], [0, 0], [1, 12.701516907800883], [1, 17.58379906728974], [0, 0], [0, 0], [1, 17.58379906728974], [1, 20.179872255694104], [0, 0]]
Fitness: 9.56911096853004

